GOCellcycle = 0.1287932513152694
GOChurch = 
GODerisi = 0.1069205144058605
GOEisen = 0.14335086831212993
GOExpr = 
GOGasch1 = 
GOGasch2 = 0.11303967016996391
GOPheno = 0.12716365188683773
GOSeq = 
GOSpo = 0.10839329601206286
